10 3
32489 7700
1 3
1 3
21 23
41 298
9 239
1151 1175
1 3
655 1922
144358 52067
12 31
1 5
79 49
196 1593
149 138
85 474
381 175
1765 1423
112 13
158 449
5 6
3982 11185
484 615
1297 304
193 73
24543 13292
11165 19839
1 5
26081 32893
466 2547
817 1040
9738 6553
3 4
7 5
26 11
2477 3592
479 31604
1329 458
8905 5416
321 191
4378 4745
7193 6301
5 54
153 4
112 337
2292 1477
237 236
7088 1527
67 44
1 5
131 191
15371 20712
16 27
29 41
1569 610
11 12
2768 221
37 6
2393 371
930 743
13 7
2 3
70 2661
5 6
221 35
478 495
1 1
1055 1903
497 1573
1 5
15 28
68 69
6061 5783
37 13
14 23
13 5
13 82
2597 15231
179 133
966 1697
1 95
395 339
7817 8498
1 2
206 205
528 1033
43 48
2793 790
8545 653692
9 19
71 8
20278 17231
4968 2989
15 8
131 275
21068 4425
233597 1731
20793 6439
4 3
15921 13876
3750 1703
21 10
5 3
36 17
230 159
28337 10773
239 88
46 45
466 333
254 141
78 163
80434 20879
94 131
1 7
28073 18942
19 10
13 16
1 1
5493 4154
10075 5847
806 1451
10 13
2677 3064
1338 1187
11 4
939 21727
12670 831
19730 8721
152 1851
2277 1654
29319 16543
520 187
1 4
869 347
9 4
11 13
2030 2637
1 9
703 424
5 39
22673 6982
6 11
1279 1137
214 19271
16130 1407
8 9
131 55
124735 30482
368569 36918
127 388
31 13
919 1477
303 115
5 16
8319 5762
29 6
16 5
421 107
295 153
131 293
23378 4513
25 17
494 1191
25 26
18181 19345
2539 1755
151 165
245 283
19681 21898
34 177
11 7
275 424
29 16
33 34
88604 2785
9662 2613
4189 218
38120 31297
45 22
11 150
296 221
10 1
206 15
1 3
359 333
12791899 284103
1 8
18979 21606
107 156
600 1039
520 783
1061 604
146483 38686
13 11
45 41
29 124
14 17
34 35
2 1
2 5
9403 6101
19 96
901 824
11875 29428
1547 1314
315 347
4318 3195
883 1024
466 1683
2 3
119 90
107125 24259
1 5
150 43
3 4
65 73
1158148 81663
2162 583
3491 68
85 164
58774 20425
10908 1355
359 431
5 4
10 3
3 4
30106 14889
22239 18280
1604 1435
541 744
32371 23534
2449 2549
33 49
1296 703
1386 829
32 77
141 70
2 5
6513 10102
324 245
99 236
34 15
10 21
7 13
386 31
19969 14595
635 4686
11 34
31 40
1 4
799 1364
45 83
141 127
40 399
433 1610
1 7
7 18
729 122
1 42
1442 1891
157 104
108679 32065
8 5
1185 1039
4321 1831
9 10
187 43
2868 2999
3453 4246
6852 8873
7 8
5 47
649 817
481 284
95 32
81 47
1 83
125 178
22 21
3245 5684
46 39
1649 1633
40 157
5 9
4958 5415
2 5
3517 1626
176 57
27 11
161 162
31087 19613
13117 4071
4468 1577
1 4
17873 471
1717 2170
875 939
19 48
37 307
23 65
1039 454
25069 22988
54 317
9 4
163 66
15635 11724
1126 1403
5 13
521 195
590 6029
42 143
4 5
71 34
16997 19166
16 31
8 23
413 2122
34 15
1 6
7 12
61 96
1 1
3 17
61 73
76 75
613 1015
79 60
7 8
409 213
1790 933
4472 963
25619 13605
73 107
19 28
3242 5443
1909 6054
131 141
747 568
3395 1406
101 4095
23 36
19 21
325 319
5 17
3979 955
82 83
17 16
1 8
7 18
416 417
5 4
73 240
26 17
44 49
114 181
91 6
8 17
3403 2202
515 36
38 91
394974 143947
31 164
175 53
779 1277
251 124
1191 2761
8 13
1 43
7 5
98 65
38758 12707
288 121
11 10
3767 4896
10 27
15395 5622
17252 14937
102 47
68 57
279 166
1 123
25 21
461 510
10899 100
12 19
343 32
839 421
4 3
944 133
3 16
769 2124
48 17
6 7
2927 433
65 1237
26 179
29 59
670 3309
826 493
16259 30119
75 19
7 11
13873 1507
526 2119
203 334
91 43
5391 5893
21 23
557 604
83 26
643 1479
59 36
12 7
881 1250
11 8
111 118
1 49
677 4061
285280706 50001
197 111
10 9
27 125
81 106
5 3
5 4
7 5
123039 3314
387 29
1041 2311
1002 1547
10486 12773
72 71
9334 6765
20 39
22734 5483
1604 18417
5 6
2446 1409
95 187
11 87
1054 383
11 6
29 14
332 855
189 145
47 23
65 11
15542 19905
11 10
19837 19032
3 167
9 22
1210645 124689
1 9
2201 50
1 1
5900 1313
1 4
13 47
3 4
10081 38948
9 4
97 40
66965 24613
9671 5050
93 140
424 27
25227 17449
97 50
127 52
533 474
1 20
355 389
7687 17196
4123 3246
77533 23652
271 231
13 12
139 46
2 3
3 2
5440 5209
67 69
23 13
48 61
11 18
240 367
64 73
1 1
203 113
15439 3535
3 4
23 22
1835 1867
43444 14853
227 49
66 67
137 624
2481 620
1310 5441
59 294
6484 8287
101 222
1259 260
1 2
167 294
75 239
3 68
24954 13375
43 44
7677 10661
613 519
8489 13108
643 60
17 39
216 421
7219 14089
74847 8177
41 5
4535 6259
15 13
7 2
61813 2464
3 4
4453 15626
37 314
161 99
917 1213
40 19
517992 57551
4463 2101
64 55
11 38
29 102
13 32
1259 3638
1140 1439
2 5
377 721
380 727
7 8
2249 2570
13 5
660 229
19638 10489
83 97
5147 15334
212 33
121059 56716
3 4
8729 4282
592 285
333 12784
1 42
100 91
6 11
6 43
52 817
3 2
15152 17857
5987 4543
289 281
27 49
20175 26702
29 18
2528 4589
331196 129759
577 996
245 162
31 199
3098 1735
220 163
2961 1256
9 11
18417 4483
2803 2643
32461 3434
7 3
15901 1248
271 90
31 56
6415 2549
146447 28816
6 19
227 687
1510 1557
2237 845
17 50
1 1
1 5
1942 1789
58 59
1211 4257
26 9
83 1529
33 5
1337 7430
34 109
5 21
19 14
163 154
1022 899
33314 11627
68135 7582
75 23
51 20
3 2
1063 696
123 220
208 121
88 29
120 203
7 6
63409 6376
351 55
38 59
2336 8987
355 106
12327 1292
41 560
2342 5551
9423 1447
54 49
23 17
21 10
18433 4613
159 47
5 71
121 50
8381 7680
40 217
14 137
701 6775
9611 3837
543 175
635 1194
13 17
28 13
43761 19867
12563 9171
16 33
97 39
3831 1880
43 32
1 1
243 391
10737 11843
452 601
1584 2977
1631 542
5 9
6740 9797
105 559
369 340
15 4
198 119
29 10
12501 6446
684 263
4 13
4931 1155
120 149
67 38
53 95
32 37
47089 18581
3 5
1 4
58 1029
397 2132
43 21
1045 1172
3 4
544819 69145
12 5
10 7
2562 389
30719 1869
69900 24749
9655 16786
3 242
15 17
1223 978
251 53
895 818
323 927
3125 4609
1189 657
657 389
2469 9371
3918 3539
12271 22989
13023 17596
4 3
1 5
5 6
5 4
2015 3548
9378 4891
15 19
2279 2999
79 17
1 11
3382 3069
9365 4696
45 16
19 63
9 142
183 110
57 131
9 8
1990 469
1 6
13 38
179 443
1467 1459
603 1258
13 15
437 518
147 265
4535 101
3 5
4117 5930
16432 2337
1 3
239 242
274 295
181 217
2393 13643
35375 2413
972 901
5351 5046
284 275
93 82
343 292
14 281
1455 304
21 10
507 242
33 5
213 170
871 449
889 2008
85 143
239 16
1353 988
10 29
9 40
10368 16657
26629 21413
40 59
87 709
10055 2337
49 57
1262 35973
12611 17063
26117 18939
25 8
2637 2198
64 79
12 11
63 253
72847 7546
251038389 1754437
160585 25943
173 32
6316 537
1197 688
17 27
2367 4438
18 503
7341 16657
30779 28221
30 49
328 107
621 155
42 5
1088 131
640 1303
17137 4828
14 15
8391 1637
54 59
1 295
521 629
2603 3561
1696 1803
59 20
3437 3030
5281 4322
17807 28169
11 13
144 125
28909 29666
1 2
40280 5779
138433 53754
36159 16114
7 5
7 5
93757 24122
5209 1397
625 2239
23 22
2813 1473
403 166
277 463
319 868
5309 5512
230 567
677 605
385 244
1 447
5641 13189
1 11
60 29
2906 3969
53 42
10897 5590
3 13
2 15
67 52
1158 2815
275 1786
5 6
38 39
135 236
3 5
74 133
241 153
7 4
80 9
569 478
90 251
97 262
5132 4447
10285 15264
28 9
2376053 131542
94 5
9 19
1 7
53 26
510 83
1 3
34 33
14 5
3 5
803 470
10 9
21 38
12791 11764
5165 5251
14352 29119
298 345
7352 6907
19 4
477 1436
18 13
10419 19625
28266 4343
557 196
1246 907
78 131
57 17
31357 33524
4 143
3111 1705
502 157
413 121
6483 1553
2362 1133
95 62
4 1
562 1079
2 5
3895 3361
7 3
8 5
384 907
3470 12853
142696 68933
11 19
1081 2137
39 19
37 164
55271 25476
203 293
5 7
189477 35258
15667 10284
1523 609
77 72
809 259
3681677 48968
9 28
1744 4669
6684 11771
10 19
73 1637
249 38
4 7
595 1191
177 74
25 4
63 34
233 325
56653 43012
15 22
7 4
1 3
151 161
1937 946
150617 114495
125 1491
5 13
39 155
8 19
12 5
5 2
92 235
1 3
10888 12043
48 175
20164 3445
29 117
161 122
907 1183
13 107
673 739
1043 6877
394 231
268 4021
106 237
36409 15589
159 155
113 966
39185 36843
3 4
27484 11839
13 6
95 17
5 14
21 17
16538 7021
1 3
176 157
1441 123
41 61
1776 3617
77 10
52 31
5 1
377 5
41971 38724
5 4
801 772
1081 1228
5831 1231
117 92
69 5
28919 14023
387 499
13 10
1 16
7 11
253 96
1129 1669
14686 19459
99 4
246 157
7694 11195
5 6
43 1692
3519 11
745 464
25 58
53 49
352 695
220 227
7 22
439 137
1 1
1 1
39720 5933
1117436 85051
629 30
738 19
119 41
3823 22231
29 35
138 95
53 410
12125 14343
1 2
143 181
19 5
79 134
77 43
